1.00000 0.00000 -1.00000 0.00000 0.00000 -1.00000 1.00000 1.00000 0.00000 -1.00000 1.00000 0.00000 -1.00000 1.00000 -1.00000 0.00000 1.00000 0.00000 0.00000 0.00000 0.00000 0.00000 -1.00000 1.00000 1.00000
-1.00000 0.00000 1.00000 0.00000 0.00000 -1.00000 -1.00000 0.00000 0.00000 -1.00000 1.00000 0.00000 -1.00000 1.00000 -1.00000 0.00000 1.00000 0.00000 0.00000 -1.00000 0.00000 0.00000 1.00000 -1.00000 1.00000
-1.00000 1.00000 1.00000 0.00000 0.00000 -1.00000 1.00000 0.00000 0.00000 -1.00000 1.00000 0.00000 -1.00000 -1.00000 -1.00000 0.00000 1.00000 1.00000 1.00000 0.00000 0.00000 1.00000 1.00000 -1.00000 1.00000
-1.00000 0.00000 0.00000 1.00000 -1.00000 0.00000 1.00000 0.00000 0.00000 -1.00000 0.00000 0.00000 -1.00000 -1.00000 1.00000 -1.00000 -1.00000 1.00000 0.00000 0.00000 1.00000 0.00000 1.00000 -1.00000 1.00000
1.00000 0.00000 0.00000 -1.00000 1.00000 0.00000 -1.00000 0.00000 1.00000 -1.00000 0.00000 0.00000 1.00000 -1.00000 1.00000 0.00000 -1.00000 -1.00000 0.00000 0.00000 1.00000 0.00000 1.00000 1.00000 -1.00000
1.00000 0.00000 0.00000 -1.00000 -1.00000 0.00000 1.00000 0.00000 0.00000 -1.00000 0.00000 -1.00000 1.00000 1.00000 -1.00000 0.00000 -1.00000 0.00000 1.00000 0.00000 -1.00000 -1.00000 -1.00000 1.00000 1.00000

0.00000 0.00000 0.00000 1.00000 -1.00000 0.00000 1.00000 0.00000 1.00000 -1.00000 0.00000 0.00000 0.00000 0.00000 0.00000 0.00000 0.00000 -1.00000 1.00000 0.00000 0.00000 0.00000 0.00000 0.00000 1.00000
-1.00000 0.00000 1.00000 0.00000 1.00000 0.00000 0.00000 0.00000 0.00000 0.00000 1.00000 0.00000 -1.00000 0.00000 0.00000 -1.00000 -1.00000 0.00000 0.00000 0.00000 -1.00000 0.00000 1.00000 0.00000 -1.00000
-1.00000 0.00000 -1.00000 -1.00000 0.00000 0.00000 -1.00000 0.00000 -1.00000 1.00000 -1.00000 0.00000 -1.00000 0.00000 0.00000 -1.00000 -1.00000 1.00000 -1.00000 0.00000 1.00000 0.00000 -1.00000 0.00000 0.00000
1.00000 0.00000 0.00000 0.00000 0.00000 0.00000 0.00000 -1.00000 0.00000 0.00000 0.00000 0.00000 1.00000 0.00000 0.00000 0.00000 1.00000 0.00000 0.00000 0.00000 0.00000 0.00000 0.00000 0.00000 0.00000
0.00000 0.00000 1.00000 0.00000 1.00000 0.00000 0.00000 0.00000 -1.00000 0.00000 1.00000 -1.00000 0.00000 0.00000 1.00000 0.00000 1.00000 0.00000 0.00000 0.00000 1.00000 0.00000 0.00000 -1.00000 -1.00000
0.00000 0.00000 0.00000 0.00000 0.00000 0.00000 -1.00000 0.00000 1.00000 -1.00000 0.00000 0.00000 0.00000 0.00000 0.00000 0.00000 0.00000 0.00000 0.00000 0.00000 0.00000 0.00000 0.00000 0.00000 1.00000
1.00000 0.00000 0.00000 -1.00000 1.00000 0.00000 0.00000 0.00000 -1.00000 0.00000 0.00000 0.00000 -1.00000 0.00000 0.00000 -1.00000 -1.00000 -1.00000 0.00000 1.00000 0.00000 1.00000 0.00000 0.00000 0.00000
1.00000 0.00000 0.00000 -1.00000 1.00000 0.00000 1.00000 0.00000 0.00000 1.00000 0.00000 0.00000 -1.00000 0.00000 0.00000 -1.00000 -1.00000 -1.00000 0.00000 -1.00000 0.00000 1.00000 0.00000 0.00000 -1.00000
-1.00000 1.00000 0.00000 0.00000 0.00000 -1.00000 0.00000 1.00000 0.00000 0.00000 0.00000 0.00000 -1.00000 -1.00000 -1.00000 0.00000 0.00000 0.00000 0.00000 0.00000 0.00000 0.00000 0.00000 0.00000 0.00000
0.00000 0.00000 0.00000 0.00000 0.00000 0.00000 0.00000 0.00000 0.00000 0.00000 0.00000 0.00000 0.00000 -1.00000 0.00000 0.00000 0.00000 0.00000 0.00000 1.00000 0.00000 0.00000 1.00000 1.00000 0.00000
0.00000 0.00000 0.00000 -1.00000 -1.00000 0.00000 0.00000 0.00000 0.00000 0.00000 0.00000 0.00000 0.00000 0.00000 0.00000 0.00000 0.00000 1.00000 -1.00000 0.00000 0.00000 0.00000 0.00000 0.00000 0.00000
0.00000 0.00000 -1.00000 -1.00000 0.00000 0.00000 0.00000 0.00000 -1.00000 0.00000 1.00000 0.00000 0.00000 0.00000 0.00000 0.00000 0.00000 1.00000 0.00000 -1.00000 1.00000 -1.00000 -1.00000 0.00000 -1.00000
0.00000 0.00000 1.00000 0.00000 -1.00000 0.00000 0.00000 0.00000 1.00000 0.00000 -1.00000 0.00000 0.00000 0.00000 0.00000 0.00000 0.00000 0.00000 1.00000 1.00000 -1.00000 -1.00000 1.00000 0.00000 1.00000
0.00000 -1.00000 0.00000 0.00000 0.00000 0.00000 0.00000 0.00000 0.00000 0.00000 0.00000 0.00000 0.00000 1.00000 1.00000 0.00000 1.00000 0.00000 0.00000 0.00000 0.00000 0.00000 0.00000 0.00000 0.00000
0.00000 0.00000 -1.00000 0.00000 1.00000 0.00000 0.00000 0.00000 -1.00000 0.00000 1.00000 -1.00000 0.00000 1.00000 1.00000 0.00000 1.00000 0.00000 0.00000 -1.00000 1.00000 0.00000 -1.00000 0.00000 -1.00000

-0.25000 0.50000 -0.00000 0.25000 -0.50000 0.00000 0.50000 -0.50000 0.00000 -0.00000 0.25000 -0.00000 0.25000 -0.25000 -0.25000 0.00000 -0.00000 0.75000 -0.25000 0.50000 0.25000 0.25000 0.25000 0.00000 0.50000
-0.25000 -0.50000 0.00000 0.25000 -0.00000 0.00000 -0.00000 -0.50000 -0.00000 0.00000 0.25000 -0.00000 0.25000 0.25000 0.25000 0.00000 -0.00000 0.25000 0.25000 -0.50000 -0.25000 -0.25000 -0.25000 -0.00000 0.00000
-0.25000 0.50000 -0.00000 0.25000 -0.00000 0.00000 0.00000 -0.50000 -0.00000 0.00000 -0.25000 -0.00000 0.25000 -0.25000 -0.25000 0.00000 -0.00000 0.25000 0.25000 0.50000 0.25000 -0.25000 0.25000 0.00000 0.00000
0.00000 -1.00000 -0.00000 -0.00000 0.00000 1.00000 -0.00000 -1.00000 -0.00000 -0.00000 0.00000 -0.00000 -0.00000 0.00000 -0.00000 0.00000 -0.00000 -0.00000 -0.00000 -0.00000 -0.00000 0.00000 -0.00000 -0.00000 -0.00000
-0.00000 1.00000 -0.50000 0.00000 -0.00000 -0.00000 0.00000 -0.00000 0.00000 0.00000 0.00000 0.00000 0.00000 -0.50000 -0.50000 0.00000 0.00000 0.00000 -0.00000 0.00000 0.50000 0.00000 0.50000 0.00000 0.00000
0.00000 0.00000 -0.00000 0.25000 0.50000 -0.00000 -0.00000 0.00000 0.50000 0.25000 -0.25000 0.50000 -0.00000 -0.00000 0.00000 0.50000 0.00000 -0.25000 -0.25000 -0.00000 0.25000 -0.25000 -0.00000 -0.00000 -0.25000
-0.00000 -0.00000 -0.00000 0.25000 0.00000 -0.00000 -0.00000 -0.00000 -0.50000 0.25000 -0.25000 -0.50000 0.00000 0.00000 0.00000 0.50000 0.00000 0.25000 0.25000 -0.00000 -0.25000 0.25000 0.00000 0.00000 -0.25000
-0.00000 0.00000 -0.00000 0.25000 -0.00000 -0.00000 0.00000 -0.00000 0.50000 -0.25000 0.25000 0.50000 0.00000 -0.00000 0.00000 0.50000 0.00000 0.25000 0.25000 0.00000 0.25000 0.25000 0.00000 0.00000 0.25000
0.00000 -0.00000 0.00000 -0.00000 -0.00000 1.00000 -0.00000 0.00000 0.00000 -0.00000 0.00000 -1.00000 -0.50000 0.00000 -0.50000 1.00000 -0.50000 -0.00000 -0.00000 -0.00000 -0.00000 0.00000 -0.00000 -0.00000 0.00000
-0.00000 0.00000 -0.50000 0.00000 -0.00000 -0.00000 0.00000 -0.00000 -0.00000 0.00000 -0.00000 1.00000 0.00000 -0.00000 -0.00000 0.00000 0.00000 0.00000 -0.00000 0.00000 0.50000 0.00000 0.50000 0.50000 0.00000
