0.00000 1.00000 1.00000 0.00000 0.00000 0.00000 1.00000 0.00000 1.00000 1.00000 0.00000 -1.00000 -1.00000 1.00000 0.00000 0.00000 0.00000 -0.50000 -1.00000 -1.00000 -0.50000 0.00000 -0.50000 0.00000 -1.00000 0.00000
0.00000 0.00000 0.00000 0.00000 -2.00000 0.00000 0.00000 1.00000 -1.00000 0.00000 0.00000 0.00000 0.00000 0.00000 0.00000 0.00000 0.00000 0.50000 1.00000 0.00000 0.50000 1.00000 0.50000 0.00000 1.00000 1.00000
0.00000 -1.00000 -1.00000 0.00000 2.00000 0.00000 -1.00000 -1.00000 0.00000 0.00000 0.00000 0.00000 1.00000 -1.00000 0.00000 0.00000 -1.00000 0.00000 0.00000 1.00000 0.00000 -1.00000 0.00000 0.00000 0.00000 0.00000
1.00000 -2.00000 0.00000 0.00000 0.00000 0.00000 0.00000 0.00000 0.00000 0.00000 0.00000 2.00000 0.00000 -2.00000 2.00000 1.00000 0.00000 1.00000 0.00000 2.00000 1.00000 0.00000 0.00000 0.00000 2.00000 0.00000
0.00000 0.50000 0.50000 1.00000 0.00000 0.00000 -1.00000 0.00000 -1.00000 -1.00000 -1.00000 0.00000 1.00000 0.00000 -1.00000 0.00000 0.00000 -0.00000 1.00000 0.00000 -1.00000 0.00000 -1.00000 0.00000 0.00000 0.00000
0.00000 0.00000 0.00000 0.00000 -1.00000 0.00000 0.00000 2.00000 -2.00000 0.00000 0.00000 0.00000 0.00000 0.00000 0.00000 0.00000 -0.00000 1.00000 -1.00000 0.00000 1.00000 2.00000 1.00000 1.00000 0.00000 2.00000
0.00000 -0.50000 -0.50000 0.00000 1.00000 1.00000 1.00000 -0.50000 0.00000 0.00000 0.00000 0.00000 0.50000 -0.50000 0.00000 0.00000 -0.50000 0.00000 0.00000 0.00000 0.00000 -2.00000 0.00000 0.00000 0.00000 0.00000
-1.00000 -1.00000 0.00000 0.00000 0.00000 0.00000 0.00000 0.00000 0.00000 0.00000 2.00000 0.00000 0.00000 0.00000 0.00000 0.00000 0.00000 0.00000 0.00000 0.00000 2.00000 0.00000 0.00000 0.00000 0.00000 0.00000

0.00000 0.00000 -1.00000 0.00000 0.00000 0.00000 0.00000 0.00000 0.00000 0.00000 0.00000 -1.00000 1.00000 0.00000 1.00000 2.00000 -0.50000 0.00000 0.00000 0.00000 0.00000 0.00000 0.00000 0.00000 0.00000 0.00000
0.00000 0.00000 2.00000 -1.00000 0.00000 0.00000 0.00000 0.00000 0.00000 0.00000 0.00000 0.00000 -2.00000 0.00000 0.00000 0.00000 1.00000 0.00000 0.00000 0.00000 0.00000 0.00000 0.00000 0.00000 0.00000 0.00000
0.00000 0.00000 0.00000 -1.00000 0.00000 0.00000 0.00000 0.00000 -1.00000 0.00000 0.00000 0.00000 0.00000 0.00000 0.00000 0.00000 0.00000 0.00000 0.00000 0.00000 0.00000 0.00000 1.00000 0.00000 0.00000 1.00000
0.00000 0.00000 0.00000 1.00000 0.00000 0.00000 0.00000 0.00000 0.00000 1.00000 0.00000 0.00000 0.00000 0.00000 -0.00000 0.00000 0.00000 0.00000 0.00000 0.00000 0.00000 0.00000 0.00000 0.00000 0.00000 0.00000
0.00000 0.00000 0.00000 0.00000 -1.00000 0.00000 0.00000 1.00000 0.00000 0.00000 0.00000 -1.00000 0.00000 0.00000 -0.00000 0.00000 -0.50000 1.00000 0.00000 0.00000 0.00000 0.00000 0.00000 0.00000 -1.00000 0.00000
0.00000 0.00000 0.00000 0.00000 2.00000 0.00000 0.00000 -2.00000 0.00000 0.00000 0.00000 0.00000 0.00000 0.00000 0.00000 0.00000 1.00000 0.00000 0.00000 0.00000 0.00000 0.00000 0.00000 -1.00000 0.00000 0.00000
0.00000 0.00000 0.00000 0.00000 0.00000 0.00000 0.00000 0.00000 0.00000 0.00000 0.00000 0.00000 0.00000 0.00000 0.00000 0.00000 0.00000 0.00000 0.00000 0.00000 0.00000 0.00000 0.00000 -1.00000 0.00000 1.00000
0.00000 0.00000 0.00000 0.00000 0.00000 0.00000 0.00000 0.00000 -1.00000 1.00000 0.00000 0.00000 0.00000 0.00000 0.00000 0.00000 0.00000 0.00000 1.00000 0.00000 0.00000 0.00000 0.00000 1.00000 -0.00000 0.00000
0.00000 0.00000 0.00000 0.00000 0.00000 0.00000 0.00000 0.00000 0.00000 0.00000 0.00000 -1.00000 -0.00000 2.00000 0.00000 0.00000 -0.50000 0.00000 0.00000 1.00000 0.00000 0.00000 0.00000 0.00000 0.00000 0.00000
0.00000 0.00000 0.00000 0.00000 0.00000 1.00000 0.00000 0.00000 0.00000 0.00000 0.00000 0.00000 0.00000 0.00000 0.00000 0.00000 1.00000 0.00000 0.00000 0.00000 0.00000 0.00000 0.00000 0.00000 0.00000 0.00000
0.00000 0.00000 0.00000 0.00000 0.00000 1.00000 0.00000 2.00000 0.00000 0.00000 0.00000 0.00000 0.00000 0.00000 0.00000 0.00000 0.00000 0.00000 0.00000 0.00000 0.00000 1.00000 0.00000 0.00000 0.00000 1.00000
0.00000 0.00000 0.00000 0.00000 0.00000 -1.00000 -1.00000 0.00000 0.00000 1.00000 0.00000 0.00000 -2.00000 0.00000 0.00000 0.00000 0.00000 0.00000 0.00000 0.00000 0.00000 0.00000 0.00000 0.00000 0.00000 0.00000
0.00000 -1.00000 -0.50000 0.00000 0.00000 0.00000 0.00000 0.00000 0.00000 0.00000 0.00000 0.00000 0.50000 -1.00000 0.50000 1.00000 0.00000 0.00000 0.00000 0.00000 0.00000 0.00000 0.00000 0.00000 0.00000 0.00000
0.00000 2.00000 1.00000 -0.50000 0.00000 0.00000 0.00000 0.00000 0.00000 0.00000 -1.00000 0.00000 -1.00000 2.00000 0.00000 0.00000 0.00000 0.00000 0.00000 0.00000 0.00000 0.00000 0.00000 0.00000 0.00000 0.00000
0.00000 0.00000 0.00000 -0.50000 0.00000 0.00000 0.00000 0.00000 -0.50000 0.00000 -1.00000 0.00000 0.00000 0.00000 0.00000 0.00000 0.00000 1.00000 0.00000 0.00000 -1.00000 0.00000 0.50000 0.00000 0.00000 0.00000
-1.00000 0.00000 0.00000 0.50000 0.00000 0.00000 0.00000 0.00000 0.00000 0.00000 1.00000 0.00000 0.00000 0.00000 -1.00000 0.00000 0.00000 0.00000 0.00000 0.00000 0.00000 0.00000 0.00000 0.00000 0.00000 0.00000

-0.00000 -0.00000 -0.00000 -0.00000 0.00000 0.00000 -0.00000 -0.00000 -0.00000 -0.00000 0.00000 1.00000 -0.00000 0.00000 0.00000 1.00000 0.00000 0.00000 0.00000 1.00000 -0.00000 0.00000 0.00000 0.00000 -1.00000 0.00000
-0.00000 -0.00000 0.33333 0.00000 -0.33333 -0.50000 0.33333 0.16667 0.00000 0.00000 0.00000 0.50000 0.16667 -0.25000 0.00000 0.50000 -1.00000 -0.00000 -0.00000 -0.00000 -0.00000 -0.33333 -0.00000 0.00000 -0.50000 0.00000
-0.00000 -0.00000 -0.00000 -0.00000 0.33333 -0.00000 0.00000 -0.66667 -0.66667 -0.00000 0.00000 0.00000 0.00000 0.00000 0.00000 -0.00000 -0.00000 1.00000 0.66667 0.00000 -0.00000 0.33333 -0.66667 2.00000 0.50000 1.00000
0.00000 0.00000 0.33333 1.00000 0.00000 0.00000 0.33333 -0.00000 0.33333 1.00000 -0.00000 -0.00000 -0.33333 -0.00000 -0.50000 0.50000 0.00000 0.00000 0.66667 -0.00000 0.00000 0.00000 -0.66667 0.00000 0.00000 0.00000
2.00000 1.00000 0.00000 0.00000 0.00000 0.00000 -0.00000 -0.00000 -0.00000 0.00000 -1.00000 -0.00000 -0.00000 -1.00000 -1.00000 1.00000 -0.00000 1.00000 0.00000 -2.00001 1.00000 0.00000 -0.00000 0.00000 0.50000 0.00000
1.00000 0.00000 0.33333 0.00000 0.16667 1.00000 -0.66667 -0.33333 -0.00000 0.00000 -0.50000 0.00000 -0.33333 -0.00000 -0.50000 0.50000 -0.00000 0.50000 0.00000 -0.00000 0.50000 0.66667 -0.00000 0.00000 0.25000 0.00000
0.00000 -0.00000 0.00000 0.00000 -0.16667 -0.00000 0.00000 0.33333 0.33333 0.00000 0.00000 -0.00000 -0.00000 0.00000 0.00000 -0.00000 0.00000 -0.50000 -0.33333 0.00000 -0.50000 -0.66667 -0.66667 -1.00000 -0.25000 0.00000
1.00000 0.00000 0.33333 1.00000 -0.00000 0.00000 -0.66667 -0.00000 0.33333 0.00000 -0.00000 -0.00000 -0.33333 -0.00000 -0.50000 0.50000 -0.00000 0.00000 -0.33333 -0.00000 0.00000 0.00000 -0.66667 -0.00000 0.00000 -0.00000
